HEDERA_NETWORK = "testnet"
CONTRACT_ID = 0.0.3905320

MY_ACCOUNT_ID = 0.0.3833833
MY_PRIVATE_KEY = 302e020100300506032b657004220420c1fbb5b316c030d5b7074809ca6a0ec736a9620239e53c96561a33b5ca3c3245
MY_PUBLIC_KEY = 302a300506032b65700321001d7cbf90c8cb53b4477eb26981713ad1196137f3abebde2548230aed06e0ecda

ACCOUNT_ID_1 = 0.0.3904767
PUBLIC_KEY_1 = 302a300506032b6570032100f5f23fcd015b1c2db4beb103355921ba7c52d708eb52b4856397339f3e5490fd
PRIVATE_KEY_1 = 302e020100300506032b65700422042072229c99b4ded26731b38040887ee08bd450c51f0de3ef0faa5b6f09b9884dab

ACCOUNT_ID_2 = 0.0.3904769
PUBLIC_KEY_2 = 302a300506032b6570032100b6dc7fa16603ec5e4678da8f4e70bcaad74e98de2f031f321e00a03597779e42
PRIVATE_KEY_2 = 302e020100300506032b657004220420fd2ba9a351472d47010dd9e2378b4bc57fb065b5d037de004cbe2c825ab45230

ACCOUNT_ID_3 = 0.0.3904773
PUBLIC_KEY_3 = 302a300506032b65700321004eb5ca4408493e45fa5d86fbc14ae4a9f2dd71090b21d52b8d8654fa4052d505
PRIVATE_KEY_3 = 302e020100300506032b657004220420143ddd8b8ee565cd290b20f419fad673db642cae1814251947013d3d5f0056a9

ACCOUNT_ID_4 = 0.0.3904774
PUBLIC_KEY_4 = 302a300506032b6570032100f8947e9bcc8783e55ed64493cd01716dd91dfbfb612a1e63ed5e9318ac06d69f
PRIVATE_KEY_4 = 302e020100300506032b657004220420f0b2c339b1b9a437a9d6f2c87c1f427c52b319ce6dcee7e756273c6b50ce1bea

ACCOUNT_ID_5 = 0.0.3904775
PUBLIC_KEY_5 = 302a300506032b65700321002c5f33f256d730ec05a87e6c2a699a78a827c33aa573c70fb190292cec85cf1b
PRIVATE_KEY_5 = 302e020100300506032b657004220420e925774e2159f4e1bb65458f831192554eda5983f7415e505d4d889e76ad2d14
